Frame, R00, R01, R02, ..., R24
0, 113, 2, 0, 0, 26, 15, 0, 113, 2, 0, 0, 26, 15, 0, 113, 2, 0, 0, 26, 15, 0, 5, 7, 192, 15
1, 139, 113, 0, 0, 26, 15, 0, 139, 113, 0, 0, 26, 15, 0, 139, 113, 0, 0, 26, 15, 0, 5, 7, 192, 15
2, 139, 1, 0, 0, 9, 167, 123, 139, 1, 0, 0, 9, 39, 116, 139, 2, 0, 0, 9, 152, 140, 5, 7, 199, 15
3, 44, 2, 0, 7, 97, 167, 123, 103, 17, 0, 10, 65, 39, 116, 89, 4, 0, 15, 65, 152, 140, 0, 0, 199, 31
4, 45, 2, 239, 6, 97, 167, 123, 178, 20, 224, 9, 65, 39, 116, 94, 4, 224, 14, 65, 152, 140, 1, 0, 199, 31
5, 46, 2, 222, 6, 97, 167, 123, 19, 26, 192, 9, 65, 39, 116, 99, 4, 192, 14, 65, 152, 140, 2, 0, 199, 31
6, 47, 2, 205, 6, 97, 167, 123, 103, 17, 160, 9, 65, 39, 116, 94, 4, 160, 14, 65, 152, 140, 3, 0, 199, 31
7, 48, 2, 188, 6, 97, 167, 123, 19, 26, 128, 9, 65, 39, 116, 89, 4, 128, 14, 65, 152, 140, 4, 0, 199, 31
8, 50, 2, 171, 6, 97, 167, 123, 206, 34, 96, 9, 65, 39, 116, 89, 4, 96, 14, 65, 152, 140, 5, 0, 199, 31
9, 50, 2, 154, 6, 97, 167, 123, 103, 17, 64, 9, 65, 39, 116, 84, 4, 64, 14, 65, 152, 140, 6, 0, 199, 31
